80
1 2 3 4 5 6 7 8 9 10 11 12 13 14 15 16 17 18 19 20 21 22 23 24 25 26 27 28 29 30 31 32 33 34 35 36 37 38 39 40 41 42 43 44 45 46 47 48 49 50 51 52 53 54 55 56 57 58 59 60 61 62 63 64 65 66 67 68 69 70 71 72 73 74 75 76 77 78 79 80 
1 1 58 58 188 
1 2 31 75 85 
1 3 77 78 326 
1 4 12 35 373 
1 5 62 79 429 
1 6 78 78 327 
1 7 27 70 479 
1 8 72 72 391 
1 9 60 75 467 
1 10 28 53 241 
1 11 28 58 498 
1 12 80 80 237 
1 13 64 73 470 
1 14 36 45 52 
1 15 9 39 328 
1 16 27 64 41 
1 17 22 45 428 
1 18 39 46 94 
1 19 52 66 142 
1 20 52 62 229 
1 21 40 73 201 
1 22 76 79 270 
1 23 8 28 270 
1 24 24 51 391 
1 25 55 55 372 
1 26 45 75 432 
1 27 46 70 257 
1 28 49 52 269 
1 29 14 25 129 
1 30 57 64 363 
1 31 20 66 467 
1 32 46 50 381 
1 33 67 75 298 
1 34 31 75 124 
1 35 21 61 156 
1 36 12 43 404 
1 37 31 53 105 
1 38 79 79 59 
1 39 39 48 164 
1 40 67 74 430 
1 41 26 27 453 
1 42 14 16 29 
1 43 70 72 93 
1 44 35 75 17 
1 45 27 55 170 
1 46 71 75 129 
1 47 64 67 451 
1 48 80 80 491 
1 49 12 70 197 
1 50 33 54 253 
1 51 74 75 391 
1 52 47 55 43 
1 53 5 30 147 
1 54 36 41 90 
1 55 5 32 173 
1 56 75 77 184 
1 57 78 79 397 
1 58 66 74 460 
1 59 27 32 40 
1 60 50 50 99 
1 61 80 80 106 
1 62 34 47 356 
1 63 65 72 38 
1 64 26 48 221 
1 65 72 76 41 
1 66 50 74 308 
1 67 15 28 441 
1 68 67 74 438 
1 69 9 41 455 
1 70 13 46 297 
1 71 79 79 39 
1 72 25 66 483 
1 73 79 79 287 
1 74 33 68 343 
1 75 15 25 230 
1 76 34 65 364 
1 77 27 31 166 
1 78 72 74 341 
1 79 78 78 285 
1 80 46 74 355 
1 81 24 39 107 
1 82 33 48 462 
1 83 6 33 59 
1 84 1 49 444 
1 85 64 72 66 
1 86 50 52 341 
1 87 42 53 349 
1 88 50 58 142 
1 89 29 79 150 
1 90 29 77 394 
1 91 17 74 426 
1 92 20 32 300 
1 93 49 61 218 
1 94 66 71 246 
1 95 49 60 207 
1 96 68 68 365 
1 97 71 78 17 
1 98 69 72 262 
1 99 79 79 86 
1 100 4 74 222 
1 101 76 77 36 
1 102 16 45 87 
1 103 22 43 399 
1 104 6 38 239 
1 105 41 54 469 
1 106 43 79 280 
1 107 70 75 111 
1 108 28 61 376 
1 109 67 78 1 
1 110 26 67 377 
1 111 48 52 479 
1 112 15 76 159 
1 113 36 42 34 
1 114 24 50 151 
1 115 16 52 310 
1 116 14 24 309 
1 117 11 60 389 
1 118 2 75 289 
1 119 74 76 178 
1 120 25 71 73 
1 121 2 27 90 
1 122 55 57 29 
1 123 24 61 472 
1 124 77 78 16 
1 125 63 79 222 
1 126 29 31 474 
1 127 34 43 37 
1 128 2 53 388 
1 129 46 46 444 
1 130 22 79 233 
1 131 47 69 292 
1 132 19 23 438 
1 133 76 79 380 
1 134 36 66 241 
1 135 12 56 194 
1 136 29 71 106 
1 137 71 74 220 
1 138 26 52 240 
1 139 60 60 496 
1 140 42 74 146 
1 141 53 61 84 
1 142 5 64 263 
1 143 47 70 247 
1 144 64 77 162 
1 145 67 75 160 
1 146 10 39 94 
1 147 21 70 384 
1 148 37 66 298 
1 149 15 18 131 
1 150 33 44 176 
1 151 53 55 34 
1 152 37 79 399 
1 153 72 75 62 
1 154 65 69 212 
1 155 73 77 33 
1 156 71 74 95 
1 157 68 77 298 
1 158 61 79 248 
1 159 61 64 312 
1 160 43 65 144 
1 161 35 72 155 
1 162 78 78 361 
1 163 56 70 486 
1 164 24 53 315 
1 165 34 78 74 
1 166 18 40 440 
1 167 26 56 108 
1 168 20 29 482 
1 169 19 43 184 
1 170 6 37 356 
1 171 39 54 79 
1 172 37 42 231 
1 173 59 64 415 
1 174 15 33 228 
1 175 19 73 248 
1 176 71 73 338 
1 177 60 62 409 
1 178 30 52 454 
1 179 30 45 360 
1 180 62 71 141 
1 181 69 79 279 
1 182 69 77 356 
1 183 51 79 325 
1 184 62 71 21 
1 185 70 73 456 
1 186 4 62 54 
1 187 76 76 336 
1 188 8 49 441 
1 189 41 56 34 
1 190 56 56 85 
1 191 40 61 105 
1 192 7 8 302 
1 193 46 50 4 
1 194 37 66 407 
1 195 64 64 161 
1 196 11 18 9 
1 197 6 23 273 
1 198 18 30 403 
1 199 22 70 115 
1 200 5 60 37 
1 201 2 15 225 
1 202 6 73 146 
1 203 64 74 425 
1 204 52 60 383 
1 205 29 71 134 
1 206 18 52 271 
1 207 4 68 127 
1 208 62 78 244 
1 209 56 63 33 
1 210 30 60 87 
1 211 36 58 412 
1 212 66 75 224 
1 213 5 56 497 
1 214 23 57 112 
1 215 75 79 480 
1 216 13 29 420 
1 217 21 47 182 
1 218 24 36 484 
1 219 73 73 14 
1 220 26 63 117 
1 221 54 75 354 
1 222 7 53 164 
1 223 60 76 400 
1 224 15 68 38 
1 225 56 74 337 
1 226 51 54 286 
1 227 65 79 140 
1 228 53 61 140 
1 229 79 79 115 
1 230 12 34 50 
1 231 74 75 328 
1 232 39 78 24 
1 233 63 77 267 
1 234 19 47 484 
1 235 79 79 197 
1 236 15 37 282 
1 237 51 55 289 
1 238 4 77 324 
1 239 42 48 475 
1 240 61 63 248 
1 241 14 36 308 
1 242 16 41 434 
1 243 13 19 280 
1 244 72 77 328 
1 245 38 58 321 
1 246 30 34 305 
1 247 55 57 374 
1 248 41 50 386 
1 249 45 76 142 
1 250 36 75 84 
1 251 72 73 459 
1 252 20 68 152 
1 253 2 28 430 
1 254 50 59 473 
1 255 66 79 128 
1 256 42 75 144 
1 257 40 72 324 
1 258 16 44 462 
1 259 1 10 348 
1 260 13 58 220 
1 261 70 70 71 
1 262 24 25 306 
1 263 28 63 350 
1 264 19 71 275 
1 265 32 78 490 
1 266 21 51 362 
1 267 60 63 319 
1 268 78 79 499 
1 269 3 40 336 
1 270 77 78 359 
1 271 61 65 101 
1 272 58 69 261 
1 273 7 62 230 
1 274 45 77 286 
1 275 19 26 73 
1 276 56 62 233 
1 277 32 38 463 
1 278 68 71 422 
1 279 46 58 333 
1 280 58 58 255 
1 281 5 66 295 
1 282 66 74 24 
1 283 2 23 466 
1 284 63 79 2 
1 285 54 64 3 
1 286 49 72 201 
1 287 48 71 206 
1 288 48 65 419 
1 289 39 63 127 
1 290 67 67 324 
1 291 42 60 308 
1 292 11 56 456 
1 293 50 68 325 
1 294 13 23 366 
1 295 6 6 226 
1 296 64 73 398 
1 297 45 75 98 
1 298 68 75 159 
1 299 48 61 157 
1 300 42 48 339 
$
